,07region1,07region2,07region3,07region4
0.95,0.04745382228123839,0.026925610651987758,0.026925610651987758,0.026925610651987758
0.951,0.05107007856964363,0.02870602322265676,0.02870602322265676,0.02870602322265676
0.952,0.05472733351332872,0.0305061040507568,0.0305061040507568,0.0305061040507568
0.953,0.0584263758322607,0.03232623071681402,0.03232623071681402,0.03232623071681402
0.954,0.06216802474348314,0.03416679548027466,0.03416679548027466,0.03416679548027466
0.955,0.06595313188662301,0.036068322974611926,0.036028206207567894,0.036028206207567894
0.956,0.0697825834181191,0.0380851590599711,0.03791088738152491,0.03791088738152491
0.957,0.07365730229319412,0.04012582034051121,0.039815281201329336,0.039815281201329336
0.958,0.07769111194342193,0.04224724842048808,0.041741848783444155,0.041741848783444155
0.959,0.08195529776328377,0.04448511721315417,0.04369107147544973,0.04369107147544973
0.96,0.08627251741910812,0.046881608001205596,0.04566345229646125,0.04566345229646125
0.961,0.09064398158850637,0.04931056261729976,0.04765951751984145,0.04765951751984145
0.962,0.09507095794898893,0.051834429869305164,0.04967981841632493,0.04967981841632493
0.963,0.09955477555347292,0.054765177073632314,0.051724933178524946,0.051724933178524946
0.964,0.10409682967304047,0.0579230232331038,0.05379546905117667,0.05379546905117667
0.965,0.1086985871714049,0.06112798428271625,0.05589206469551795,0.05589206469551795
0.966,0.11336159248654665,0.06442317586543517,0.0580153928210559,0.0580153928210559
0.967,0.11808747430824663,0.0679029969096603,0.06016616312381783,0.06016616312381783
0.968,0.12402341058132561,0.07143782914069746,0.062345125577268595,0.062345125577268595
0.969,0.1304226273353034,0.07513664329064171,0.06460911385304956,0.06456274817778604
0.97,0.13691234106703803,0.07908901852595926,0.06702662010789416,0.06696000058756248
0.971,0.144392344429019,0.08327801396054893,0.06947959133480036,0.06951808039499838
0.972,0.1527648911918953,0.08769897379321856,0.07196917092362294,0.07226261298955622
0.973,0.163057693752978,0.09320962680333579,0.07484780902893273,0.0754557366085079
0.974,0.17401407627134116,0.09905087103989915,0.0780520809416393,0.07915918323064092
0.975,0.1851466270484991,0.10558737922204436,0.08197890713204342,0.08339830007481178
0.976,0.19646158950571155,0.11243302619695739,0.08616105397474212,0.08818153069650919
0.977,0.207965691165026,0.12025371973878383,0.09115933904780597,0.09390215929956287
0.978,0.21966620541146045,0.12849191677024094,0.09652301789617718,0.09979147404703316
0.979,0.23157102438382526,0.13781631404716696,0.10200520652977849,0.10582698974142624
0.98,0.24628464544772144,0.1493376917579304,0.1081144231261672,0.11249670510667187
0.981,0.2623103293823342,0.1627438639338712,0.11542789641182702,0.11994849562805991
0.982,0.27863941358411426,0.17788349635957704,0.1235715485060768,0.1285054406252209
0.983,0.2952867061912845,0.19440190679497926,0.13233178842586424,0.13807397412536349
0.984,0.31226866238236406,0.21227465735445125,0.14263382976438774,0.1485249071232923
0.985,0.3296036884783608,0.23209660225473538,0.15702147567593328,0.16101920146189233
0.986,0.3473125267406615,0.2560945551708554,0.17575786850154362,0.17708394192578228
0.987,0.3654187496718391,0.2838765414821105,0.19657094386004367,0.1955841655689004
0.988,0.38394940595570837,0.3167997482743234,0.22366425247966557,0.21905554101628477
0.989,0.402935881317036,0.3529825836146358,0.25913454456594714,0.2510861920137447
0.99,0.4224150722676259,0.3911609059442528,0.2998663436330743,0.28957134396668005
0.991,0.4424310298717261,0.4312222225546579,0.34524213841583923,0.33485899255392637
0.992,0.4630373363299152,0.47312815216368675,0.3954334285562672,0.3845497884880536
0.993,0.48430067655309306,0.5166439351699597,0.45014318536258907,0.440910671950798
0.994,0.5063064691769071,0.5619752716648541,0.5078919518182705,0.501269262399401
0.995,0.5291683043023583,0.6093942579820962,0.5688317061206202,0.5651195415833521
0.996,0.5530450957104647,0.6592795308827651,0.6335432255450828,0.6331005484116388
0.997,0.5781759883079614,0.7121978350542372,0.7028900851838484,0.7061608758525444
0.998,0.6049647280901707,0.7691008453673365,0.7783123829697364,0.7858794734945094
0.999,0.6342565783476768,0.831970057214637,0.8627867995691907,0.8755134626635008
1.0,0.67,0.91,0.97,0.99
