,09region1,09region2,09region3,09region4
0.95,0.03334934590358536,0.011575952408279253,0.011575952408279253,0.011575952408279253
0.951,0.03545954912376816,0.01223811558749381,0.01223811558749381,0.01223811558749381
0.952,0.03759267195773004,0.012907188346425614,0.012907188346425614,0.012907188346425614
0.953,0.03974914926623839,0.013583298909367287,0.013583298909367287,0.013583298909367287
0.954,0.04192943284615702,0.014266580523211569,0.014266580523211569,0.014266580523211569
0.955,0.044133992504142204,0.014957171777425811,0.014957171777425811,0.014957171777425811
0.956,0.04636331722457349,0.015655216952165076,0.015655216952165076,0.015655216952165076
0.957,0.048617916442353415,0.016360866397702466,0.016360866397702466,0.016360866397702466
0.958,0.05089832143268262,0.01707427694879574,0.01707427694879574,0.01707427694879574
0.959,0.05320508683164344,0.01779561237812597,0.01779561237812597,0.01779561237812597
0.96,0.05553879230343626,0.018525043893545246,0.018525043893545246,0.018525043893545246
0.961,0.05790004437248611,0.019262750684581054,0.019262750684581054,0.019262750684581054
0.962,0.06028947844142147,0.02001736939704238,0.020008920524477287,0.020008920524477287
0.963,0.0627077610192368,0.020926038187505613,0.02076375043504289,0.02076375043504289
0.964,0.06515559218787424,0.02184663973268083,0.021527447422752838,0.021527447422752838
0.965,0.06763370834015292,0.022779484030077488,0.02230022929595053,0.02230022929595053
0.966,0.07014288522759694,0.023724897479245347,0.023082325574683867,0.023082325574683867
0.967,0.07268394136349651,0.02468322428390995,0.023873978506736962,0.023873978506736962
0.968,0.07643100306525982,0.02568534615558828,0.024705962339786263,0.024705962339786263
0.969,0.08193076689643072,0.02689484911907404,0.025741749643099644,0.025741749643099644
0.97,0.08750644071989316,0.028121605797841842,0.02679109304852118,0.02679109304852118
0.971,0.09508879582482942,0.029366140936214157,0.02785439015763307,0.02785439015763307
0.972,0.10469816406172461,0.0306290129816952,0.028932064426506924,0.028932064426506924
0.973,0.11608657205000213,0.031910817603832985,0.03002456788986586,0.03002456788986586
0.974,0.128855864366455,0.033212191728624704,0.031132384285928873,0.031132384285928873
0.975,0.14183115876833635,0.03454449670077235,0.03226671117243861,0.03226671117243861
0.976,0.15501969428771273,0.03617053582649768,0.03369017625958122,0.03369017625958122
0.977,0.1684292679367261,0.03782380273200812,0.03513608436118707,0.03513608436118707
0.978,0.18206830574461985,0.03950536405311756,0.036704841289088824,0.03660529843727914
0.979,0.19594594658292888,0.04203584679976288,0.03846048127133882,0.03809875557221489
0.98,0.2214941009947601,0.04593940777481523,0.04025071500504241,0.03978715805611968
0.981,0.25209660965738284,0.05068500453806111,0.04207717368393309,0.04161503659246298
0.982,0.28328181334430114,0.05574766278439909,0.04394164873854581,0.043481888203399405
0.983,0.3150777888101722,0.06131282525542658,0.04584611772713613,0.045389783929603224
0.984,0.34751570965753337,0.06747145477925592,0.04793115316730856,0.04734102287907005
0.985,0.3806304165746221,0.07587420798179986,0.05091299820527058,0.04962451983302013
0.986,0.4144611387183621,0.09081521508376003,0.05501473000746967,0.05256947164034696
0.987,0.4490524201648142,0.11060432357712578,0.05995330953029547,0.05734081286094871
0.988,0.48445533028894516,0.13616513972357888,0.06856846861720882,0.06443630983870807
0.989,0.5207290764930126,0.16963634428430313,0.08168203472396707,0.07344861444457862
0.99,0.5579432025889195,0.21505913402873186,0.10466628185914549,0.0897829123649767
0.991,0.59618066680726,0.2760863853735592,0.13696301442301625,0.11704736116446275
0.992,0.6355422910275561,0.3490895111785663,0.19265663467788258,0.16077848768808917
0.993,0.6761534456589728,0.4249100558154836,0.28117768234383195,0.24071155667453653
0.994,0.7181745867963243,0.5039059119450896,0.37637962022862426,0.33931216750544485
0.995,0.7618189128515571,0.586549538310713,0.47690820846625054,0.44369404753396624
0.996,0.8073844466724506,0.673497022865644,0.583734072113461,0.5549190153361085
0.997,0.8553193130141001,0.7657283215893176,0.6982955416597814,0.6745574961609107
0.998,0.9063794755643277,0.8648854436219651,0.8229823358998205,0.8052129996597753
0.999,0.9621463307181655,0.9743798073406726,0.9627144019380647,0.9522325819324843
1.0,1.03,1.11,1.14,1.14
