,08region1,08region2,08region3,08region4
0.95,0.04343877659190056,0.016327768528890216,0.016327768528890216,0.016327768528890216
0.951,0.046847208844391204,0.01732908029237798,0.01732908029237798,0.01732908029237798
0.952,0.050294227982412947,0.018341033196744457,0.018341033196744457,0.018341033196744457
0.953,0.05378057213169578,0.019460539331396416,0.019363825746513567,0.019363825746513567
0.954,0.057307007952602414,0.020614400715383594,0.020397664195744687,0.020397664195744687
0.955,0.0608743324434691,0.021781522667171656,0.021442763040936494,0.021442763040936494
0.956,0.06448337490202721,0.022971251732505867,0.022499345557249546,0.022499345557249546
0.957,0.06813499906273064,0.024291457783211158,0.023567644382939405,0.023567644382939405
0.958,0.07188653602338205,0.025628128801502215,0.024647902157569627,0.024647902157569627
0.959,0.07577406617856969,0.026981641079315947,0.02574037222036901,0.02574037222036901
0.96,0.07970937567900112,0.02835238776613037,0.0268453193760224,0.0268453193760224
0.961,0.08369354823503057,0.029740780085164627,0.027963020736277714,0.027963020736277714
0.962,0.08772771869014315,0.03114724867212558,0.029093766647032355,0.029093766647032355
0.963,0.0918130769522562,0.03269253268069917,0.030237861712086787,0.030237861712086787
0.964,0.09595087234508953,0.03430320070723955,0.03139562592655868,0.03139562592655868
0.965,0.10014241843757343,0.03593642182243359,0.0325673959351114,0.0325673959351114
0.966,0.10438909841915926,0.0375928045837712,0.03375352643273993,0.03375352643273993
0.967,0.10869237110083164,0.03927299048846113,0.03495439172897958,0.03495439172897958
0.968,0.1145681671963776,0.04103869313589079,0.03623142376800036,0.03623142376800036
0.969,0.12209676511883917,0.043217031563197575,0.03791144418264592,0.03791144418264592
0.97,0.12973127295795145,0.045427694505105407,0.039613827111427746,0.039613827111427746
0.971,0.13898442283145568,0.047806018895428244,0.04140640216451669,0.04140640216451669
0.972,0.1502368285757614,0.05057224667433058,0.04344477064782312,0.043399462358617386
0.973,0.16342484718909947,0.05344004025842399,0.04565987510438762,0.04542093870623399
0.974,0.17708693770687156,0.05682343412823565,0.0479102602541926,0.04747175773688832
0.975,0.19096802127260268,0.06026237106902237,0.0501971964184899,0.04972074930592881
0.976,0.2050758175422138,0.06381349661479609,0.052522048955954935,0.05204404457713039
0.977,0.2194186435699464,0.0682185293018462,0.05499785945748716,0.05451892165742677
0.978,0.23400548997740878,0.07427214297473549,0.05788560789678125,0.057406418644870554
0.979,0.24884611084325456,0.08115745253811114,0.06095106630247759,0.06047237083774881
0.98,0.2707004700848286,0.08881079011901086,0.06415054884920358,0.06368944759513037
0.981,0.2956642107853167,0.09724200816657876,0.0678110339982206,0.06764556375281529
0.982,0.32110069788663315,0.10671830915620636,0.07207103050822324,0.07198337342768016
0.983,0.3470328333756808,0.11841918605915595,0.07653859907516837,0.07674104920238145
0.984,0.3734860560977672,0.13230861515785006,0.08185021395290015,0.08194504241277147
0.985,0.4004888095358207,0.14908053372557722,0.08835035447001369,0.08840295085122891
0.986,0.4280731336497642,0.17060156761774686,0.09768165339703035,0.09634166851532029
0.987,0.4562754250500124,0.19884914828120848,0.1105593726995554,0.10622913489132146
0.988,0.48513743026055595,0.23253071396913033,0.129302785248762,0.12022727475387268
0.989,0.5147075693152398,0.2742427119020867,0.153581259305387,0.14120963735339523
0.99,0.5450427402241073,0.3214277374933607,0.1870584964615709,0.17137487624271397
0.991,0.5762108457468407,0.37597751377806576,0.23200758789180106,0.2131125575022488
0.992,0.6082944462423273,0.435202526696231,0.29581535097160855,0.2705903019295815
0.993,0.6413962486373321,0.4966697390704642,0.3741282782835567,0.3460554122142245
0.994,0.6756477595007808,0.5606638726251748,0.4584695896048677,0.4325370062049331
0.995,0.7112237862675859,0.6275612371446593,0.547393857476258,0.5240867314507386
0.996,0.7483687889990946,0.6978850440728508,0.6417311971471851,0.6214495628103099
0.997,0.7874505044827224,0.7724177701452549,0.7427142106371781,0.7259538570736082
0.998,0.8290895391870126,0.8524722284106561,0.8523953662001099,0.8398070864423158
0.999,0.8745846647195932,0.9407795260550145,0.9750105877537715,0.9675550278691948
1.0,0.93,1.05,1.13,1.13
