,1region1,1region2,1region3,1region4
0.95,0.0,0.0,0.0,0.0
0.951,0.0,0.0,0.0,0.0
0.952,0.0,0.0,0.0,0.0
0.953,0.0,0.0,0.0,0.0
0.954,0.0,0.0,0.0,0.0
0.955,0.0,0.0,0.0,0.0
0.956,0.0,0.0,0.0,0.0
0.957,0.0,0.0,0.0,0.0
0.958,0.0,0.0,0.0,0.0
0.959,0.0,0.0,0.0,0.0
0.96,0.0,0.0,0.0,0.0
0.961,0.0,0.0,0.0,0.0
0.962,0.0,0.0,0.0,0.0
0.963,0.0,0.0,0.0,0.0
0.964,0.0,0.0,0.0,0.0
0.965,0.0,0.0,0.0,0.0
0.966,0.0,0.0,0.0,0.0
0.967,0.0,0.0,0.0,0.0
0.968,0.0,0.0,0.0,0.0
0.969,0.0,0.0,0.0,0.0
0.97,0.0,0.0,0.0,0.0
0.971,0.0,0.0,0.0,0.0
0.972,0.0,0.0,0.0,0.0
0.973,0.0,0.0,0.0,0.0
0.974,0.0,0.0,0.0,0.0
0.975,0.0,0.0,0.0,0.0
0.976,0.0,0.0,0.0,0.0
0.977,0.0,0.0,0.0,0.0
0.978,0.0,0.0,0.0,0.0
0.979,0.0,0.0,0.0,0.0
0.98,0.025958998148398416,0.0,0.0,0.0
0.981,0.06281553406398688,0.0,0.0,0.0
0.982,0.10037956525472291,0.0,0.0,0.0
0.983,0.13868487553865694,0.0,0.0,0.0
0.984,0.17776894664421095,0.0,0.0,0.0
0.985,0.21767363740989798,0.0,0.0,0.0
0.986,0.25844604282805217,0.0,0.0,0.0
0.987,0.3001395970575842,0.0,0.0,0.0
0.988,0.34281551417849143,0.0,0.0,0.0
0.989,0.3865447074816015,0.0,0.0,0.0
0.99,0.431410405208002,0.0,0.0,0.0
0.991,0.477511812174925,0.047139351095996096,0.0,0.0
0.992,0.52496940156602,0.13046787815686045,0.0,0.0
0.993,0.5739328641752486,0.2170260887685349,0.09448679221627798,0.022509131825269924
0.994,0.6245936360860315,0.3072267130002395,0.19418033579143223,0.12930440592549264
0.995,0.6772058866484583,0.4016139304958991,0.2996143069208539,0.24244401970801732
0.996,0.7321246462560307,0.5009424334308505,0.4118467127650337,0.3631059643257962
0.997,0.7898833698032169,0.6063378988994144,0.5324405841005894,0.49302857175216674
0.998,0.8513813245526949,0.7196837978322693,0.6639838821727359,0.6350862127046912
0.999,0.9184983509792753,0.8448874048782606,0.8117841758469273,0.7951647423584058
1.0,1.0,1.0,1.0,1.0
