,06region1,06region2,06region3,06region4,06region5
0.95,0.004199903580706894,0.0030148690148398484,0.0030148690148398484,0.0030148690148398484,0.0030148690148398484
0.951,0.0053777694979999895,0.003717122308386365,0.003717122308386365,0.003717122308386365,0.003717122308386365
0.952,0.006571684919335535,0.004428883451444853,0.004428883451444853,0.004428883451444853,0.004428883451444853
0.953,0.007781986884316195,0.0051503520529760935,0.0051503520529760935,0.0051503520529760935,0.0051503520529760935
0.954,0.009009025216201403,0.005881735300750586,0.005881735300750586,0.005881735300750586,0.005881735300750586
0.955,0.010439969000650196,0.006810054118503994,0.006810054118503994,0.006810054118503994,0.006810054118503994
0.956,0.011976828892408187,0.007846238009278505,0.007837165123118505,0.007837165123118505,0.007837165123118505
0.957,0.013535663882207529,0.00901377046581275,0.008878967010966627,0.008878967010966627,0.008878967010966627
0.958,0.015116974716779088,0.010198675988623958,0.009935793562751863,0.009935793562751863,0.009935793562751863
0.959,0.01675957711652205,0.011401368563311608,0.011007992764914987,0.011007992764914987,0.011007992764914987
0.96,0.018655725477000926,0.012622280276237184,0.012226747616203648,0.012095927802049544,0.012095927802049544
0.961,0.020608067395584313,0.013861862604684295,0.013465639927396255,0.013199978146599319,0.013199978146599319
0.962,0.02259038627133233,0.015175109047751012,0.014723875756788143,0.014320540758173123,0.014320540758173123
0.963,0.024603445907312747,0.016592929536661347,0.0160019607410349,0.015458031406747431,0.015458031406747431
0.964,0.026648047244868345,0.018034116210207604,0.017300425190151347,0.01661288613632606,0.01661288613632606
0.965,0.02872503132761003,0.019499325037511762,0.018619826047498927,0.01778556288837019,0.01778556288837019
0.966,0.030883465193256368,0.02107468769598186,0.019960749069032623,0.018976543307602633,0.018976543307602633
0.967,0.03320874958820098,0.022921162374717915,0.02132381125368407,0.02018633475675493,0.02018633475675493
0.968,0.03557290643275654,0.02480163515243493,0.022709663562514127,0.02141547257163062,0.02141547257163062
0.969,0.03819171115698108,0.026824508993077808,0.024226305977604536,0.022771834600034825,0.022771834600034825
0.97,0.04102942556089873,0.02897246032186427,0.025855988408070765,0.024237541523114626,0.024237541523114626
0.971,0.04399112174461519,0.031287391207617636,0.02763261118930463,0.025728834954939928,0.025728834954939928
0.972,0.04714157638117596,0.03370960852959936,0.029489834944180993,0.027246543085564977,0.027246543085564977
0.973,0.050604365623346116,0.03618215779827504,0.03138420677646739,0.028791548126226817,0.028791548126226817
0.974,0.05435800177267597,0.038706929055214896,0.033317124881849916,0.030438177776691427,0.03036479211379831
0.975,0.058680623316790415,0.04155651984025036,0.03538050427902694,0.03222010812767619,0.03196728359567467
0.976,0.06485074384489332,0.044859978004204756,0.03776689484618112,0.034039656911640195,0.03372171021457059
0.977,0.07192734969033995,0.048735099857028896,0.04062953166891612,0.03658890165199051,0.035916358777684856
0.978,0.07971542617706667,0.053701639183249855,0.04369579713458145,0.03940927395821812,0.03853489131143424
0.979,0.08794887609434766,0.05917664571924485,0.04684172332481275,0.04230642568660842,0.041342739105514885
0.98,0.09721341779666033,0.06564402271407135,0.05080933169038475,0.04602248026171958,0.044849879407959675
0.981,0.107830259630701,0.07337699717185472,0.05562681226324751,0.050011197714067944,0.04859922140511472
0.982,0.11934492736453345,0.08184417389705377,0.060831236199065365,0.05417091491987936,0.052596436508860124
0.983,0.1315802891412536,0.09069599042506031,0.06760495936075903,0.058984070568527,0.05743730993040754
0.984,0.14482684524190256,0.10025245113566227,0.07523811611393884,0.06422686715473852,0.0626121242649049
0.985,0.15905627877927053,0.11173774903492457,0.08426156867726385,0.0704660443935142,0.06882506576572883
0.986,0.17457618083060278,0.1251611816755732,0.09434729118021214,0.0787102987416271,0.07671365360863541
0.987,0.19098233840803708,0.14110588941537655,0.10604505997857873,0.08867167930910087,0.08619349720304088
0.988,0.2078571249527879,0.16014390835791012,0.12024571316332898,0.1010283196561511,0.09822062145134881
0.989,0.22523527073555086,0.1822136665373913,0.1363451276320039,0.11591973661370832,0.11317601322496446
0.99,0.24315745476668885,0.2059277520007229,0.15608486591349174,0.13573361860218316,0.13111490124387004
0.991,0.2616720631539977,0.23273479149754447,0.1821332181985393,0.16017929801921815,0.15457792654122332
0.992,0.2808377282630161,0.2613364906902035,0.21209741888736605,0.18984469296176926,0.18361250119712902
0.993,0.3007271399955301,0.29120526795452606,0.24816856839749016,0.22710831934632097,0.22096302753180141
0.994,0.32143304750661295,0.3225046168726602,0.2876852332598145,0.2707007275172767,0.2653662822008702
0.995,0.3430783062292945,0.35544997010799145,0.33029284499735423,0.31867527088099784,0.3150336921023927
0.996,0.36583411562141266,0.39033990137073005,0.37590274954683045,0.37023502359702554,0.3684916659721766
0.997,0.38995709137334245,0.4276194316363698,0.42520696080231746,0.4262088749646081,0.42661705178842285
0.998,0.41587875832985155,0.46803256444796537,0.4793531093704775,0.4879673148491736,0.4908580502214668
0.999,0.4444989035776763,0.5131213112034544,0.5406989648416675,0.5583164754496606,0.5641762912360644
1.0,0.48,0.57,0.62,0.65,0.66
