,07region1,07region2,07region3,07region4,07region5
0.95,0.002193513741335622,0.0018801546354305333,0.0018801546354305333,0.0018801546354305333,0.0018801546354305333
0.951,0.003055878999494538,0.002619324856709604,0.002619324856709604,0.002619324856709604,0.002619324856709604
0.952,0.003929334331500825,0.003368000855572135,0.003368000855572135,0.003368000855572135,0.003368000855572135
0.953,0.004910808882032282,0.004126367397556657,0.004126367397556657,0.004126367397556657,0.004126367397556657
0.954,0.005927122105103615,0.0048946162161126105,0.0048946162161126105,0.0048946162161126105,0.0048946162161126105
0.955,0.007411042060563191,0.005766349293138656,0.005766349293138656,0.005766349293138656,0.005766349293138656
0.956,0.009273969054624532,0.006692590057299169,0.006692590057299169,0.006692590057299169,0.006692590057299169
0.957,0.011163687230762318,0.007631386816693476,0.007631386816693476,0.007631386816693476,0.007631386816693476
0.958,0.013080795083633707,0.008583009522828804,0.008583009522828804,0.008583009522828804,0.008583009522828804
0.959,0.015025916472101998,0.009547739617541547,0.009547739617541547,0.009547739617541547,0.009547739617541547
0.96,0.01737756836105489,0.010525870843078149,0.010525870843078149,0.010525870843078149,0.010525870843078149
0.961,0.01982158033570831,0.011517710131909031,0.011517710131909031,0.011517710131909031,0.011517710131909031
0.962,0.022303709305650166,0.012523578586406802,0.012523578586406802,0.012523578586406802,0.012523578586406802
0.963,0.024824924364918333,0.013543812560111048,0.013543812560111048,0.013543812560111048,0.013543812560111048
0.964,0.027386241619225444,0.014578764854193136,0.014578764854193136,0.014578764854193136,0.014578764854193136
0.965,0.03007434931470719,0.01562880604499146,0.01562880604499146,0.01562880604499146,0.01562880604499146
0.966,0.032895885007978284,0.016694325961194932,0.016694325961194932,0.016694325961194932,0.016694325961194932
0.967,0.03576433104851628,0.01777573533251466,0.01777573533251466,0.01777573533251466,0.01777573533251466
0.968,0.03870914830752903,0.018873467635638207,0.018873467635638207,0.018873467635638207,0.018873467635638207
0.969,0.042514093808145234,0.020364243063939993,0.02004402089041556,0.019987981168074404,0.019987981168074404
0.97,0.046698308863214376,0.022078655309325096,0.021355530613748886,0.021119761386397536,0.021119761386397536
0.971,0.05122226285130279,0.02382421263106015,0.022689564094613184,0.022394394798876137,0.022269323552673033
0.972,0.05619569460790854,0.025647237245057655,0.024046859593558,0.023751282283226812,0.023482524031075872
0.973,0.06137259118188698,0.02765182024650189,0.0254282038449242,0.0251325052383417,0.024862958672499182
0.974,0.06677568912854896,0.0296967320436117,0.02683443724541357,0.02653892543583358,0.02626887016897985
0.975,0.07250712893399691,0.031978413075815566,0.028266459827656326,0.02797146584505935,0.027791622388637152
0.976,0.07856222040711618,0.034561133916816124,0.029725238174452873,0.029431117707198907,0.029435652145914197
0.977,0.08625363027990365,0.037470404883543966,0.031211813468106274,0.03091894876863417,0.031116126799862576
0.978,0.09542477471737061,0.041308019476275167,0.032779471511656104,0.03248827351544767,0.032886892165837976
0.979,0.10601998604220036,0.04579946704444435,0.03455458842581718,0.034265499119179844,0.03487493285224128
0.98,0.11811965889123664,0.05071886882952431,0.036371239513519685,0.036128871663172045,0.036914987321475065
0.981,0.1309602563647187,0.05633397534942491,0.03823154545443874,0.038202912009665746,0.03900990143901881
0.982,0.14447072862128862,0.062481462273586856,0.04048397222926639,0.04042369654254113,0.04116280039777763
0.983,0.15885751784447033,0.06894061647772995,0.043788116463467634,0.04334145767216287,0.04364542022766183
0.984,0.17530550668826717,0.07743889448704099,0.047650252266913794,0.046695903136074704,0.0463457388846837
0.985,0.1939045551007161,0.0887122091675715,0.05166984100194277,0.05016369687864479,0.0496381583681538
0.986,0.2154523805803571,0.10271850194332893,0.05634826789318187,0.05495106399449958,0.05315020349333353
0.987,0.23761801714595593,0.12035124650508261,0.06324682682655222,0.06091356273419098,0.05728834880823739
0.988,0.26042852601217886,0.14251180072778744,0.07335627708546588,0.06976457534795673,0.06292190476123374
0.989,0.28393180505257926,0.16815558000143305,0.08719271039062607,0.0819236227662844,0.07133946481671294
0.99,0.30818393838714375,0.19877817083923943,0.10678481720193339,0.09739907287414176,0.08372830423201652
0.991,0.33325161375006934,0.23649340127338217,0.13604914139719962,0.1207012548122875,0.10398491463396871
0.992,0.3592156128517474,0.2811468038393501,0.17643950187633756,0.1576612307391849,0.13751126458268317
0.993,0.38617604975570885,0.329661104462376,0.2276420727309509,0.20646197489329893,0.1817868891743048
0.994,0.41426061886727344,0.38092682765144015,0.2912200930806516,0.2661049057535118,0.2402083611315975
0.995,0.44363840059222653,0.4350015917270327,0.36185516602723117,0.3381008058359468,0.31405449120912826
0.996,0.4745449188769918,0.492393039010399,0.4377910002420217,0.41655547953999067,0.39574807534591905
0.997,0.5073330700074404,0.5538559954603728,0.5202506466972361,0.5021935594708602,0.48510547774847845
0.998,0.542596050622835,0.6206492608900911,0.6112537685819378,0.597259137993251,0.5845198478025664
0.999,0.5815702579589913,0.695375004337206,0.7149300004299104,0.7063235603278065,0.6988569096443213
1.0,0.63,0.79,0.85,0.85,0.85
