,08region1,08region2,08region3,08region4
0.95,0.06328247011859464,0.034636080903180794,0.032391299433060725,0.032391299433060725
0.951,0.06778517377099495,0.03722553590672151,0.034641804808803106,0.034641804808803106
0.952,0.0723379025137441,0.039844362363623216,0.036917057474321724,0.036917057474321724
0.953,0.07694160843604354,0.042493128672109144,0.03921752540279427,0.03921752540279427
0.954,0.08159728054868864,0.04517242523556887,0.041543694737456525,0.041543694737456525
0.955,0.08630594712128703,0.04792298261745989,0.044029590554393545,0.044029590554393545
0.956,0.0910686782244906,0.050808433780092234,0.04668047668222637,0.04668047668222637
0.957,0.09588658850036802,0.05384510317070533,0.049362808400364395,0.049362808400364395
0.958,0.10081727078034555,0.057032286178439036,0.05207725259137591,0.05207725259137591
0.959,0.1058970787751245,0.06055598675716117,0.054824505216187494,0.054824505216187494
0.96,0.11103808436356168,0.06457407188618475,0.057736113195459876,0.05760529338130578
0.961,0.11624167030789316,0.0686490908495407,0.060686039390943504,0.06042037761014656
0.962,0.12150928483153633,0.07278959163057032,0.0636738893430653,0.06327055434445027
0.963,0.12684244665945651,0.07725424475017155,0.06670058804014095,0.06615665870585348
0.964,0.13224275059742985,0.08182833329306438,0.06976710660636204,0.06907956755253675
0.965,0.13771187372459448,0.08647020980573775,0.07307796862002487,0.0721758712644877
0.966,0.14325158228638532,0.09122991039412458,0.07675637593064727,0.07550311919309195
0.967,0.148863739390264,0.09619385741731268,0.08060173878294614,0.07887734492653305
0.968,0.15522985585639437,0.10132430262105124,0.0845677367364948,0.0824469666949556
0.969,0.16254892276540958,0.10708706420216864,0.08930586917538609,0.08668618127936163
0.97,0.1699689198783353,0.11294244079172419,0.09427742658018115,0.09101630176922092
0.971,0.17749283711515879,0.11902767489539931,0.09949639827594924,0.09577080024240119
0.972,0.18512385735952747,0.12558706689459365,0.10501925389725915,0.100896808612271
0.973,0.1936091007378943,0.1330751847885499,0.11151740394000019,0.10683131655195341
0.974,0.20223501649750478,0.1408216676074569,0.11852394789782386,0.11340165997433957
0.975,0.21099252882047226,0.14870544162195087,0.12595945367853387,0.12048597798836345
0.976,0.2198863064424225,0.1567435992947777,0.13384720903513864,0.12799505088009944
0.977,0.22892138482635077,0.16538395869041914,0.14236249311663854,0.13621105128503824
0.978,0.23810321317816868,0.17492991695060925,0.15131860762326346,0.1449441244902217
0.979,0.2474377099510059,0.18540715284420314,0.160716435845719,0.15443488385199816
0.98,0.25745050881630005,0.19712379739299446,0.17081469238831906,0.16463504472674476
0.981,0.2678474486612857,0.20970336924990768,0.1814716922096274,0.17540353549949425
0.982,0.27843250681721776,0.22340629614566332,0.1928302299889259,0.18668334817867438
0.983,0.28921496409097996,0.23808569893717554,0.2054075489899828,0.19825200705345836
0.984,0.30020514644059076,0.2537101285349824,0.21966697647871,0.2111880586983662
0.985,0.3114146187338548,0.27058703966913333,0.23462052799834543,0.22507141156720006
0.986,0.32285643001198766,0.2896654203355917,0.2516018086886215,0.24119720898852784
0.987,0.33454542866307285,0.3092416538613428,0.27044033796763584,0.25969382496966753
0.988,0.34649867443169635,0.32934894881945914,0.29275457880171735,0.2808211311376551
0.989,0.3587359877111259,0.3505038405463808,0.31731758073467214,0.303898918576752
0.99,0.3712806987474292,0.37246605239763686,0.3434846931502765,0.32999839259179525
0.991,0.38416069723016094,0.39512315715451685,0.3712992245653617,0.3583718365716274
0.992,0.39740995034445886,0.41854442095081884,0.40029165702424413,0.38818493554115885
0.993,0.4110707849303917,0.4428157941265146,0.4305116410263142,0.419312837877479
0.994,0.4251974868432496,0.46804704425932436,0.4621185896489577,0.4519271615707855
0.995,0.439862335699035,0.49438370018360545,0.4953229174953632,0.48625413904184905
0.996,0.45516657631689594,0.5220287389812848,0.5304167562158392,0.5226074303177469
0.997,0.47126275523730743,0.55128668136026,0.5678363093204601,0.5614547011475428
0.998,0.488408726774596,0.5826700679080674,0.6083121815718995,0.6035780499012783
0.999,0.5071449777904394,0.6172485847218377,0.6533614838134941,0.6505988814566145
1.0,0.53,0.66,0.71,0.71
