,08region1,08region2,08region3,08region4,08region5
0.95,0.0012534364236203555,0.0003133591059050889,0.0003133591059050889,0.0003133591059050889,0.0003133591059050889
0.951,0.0017462165711397359,0.00043655414278493396,0.00043655414278493396,0.00043655414278493396,0.00043655414278493396
0.952,0.0022453339037147566,0.0005613334759286892,0.0005613334759286892,0.0005613334759286892,0.0005613334759286892
0.953,0.002750911598371104,0.000687727899592776,0.000687727899592776,0.000687727899592776,0.000687727899592776
0.954,0.003263077477408407,0.0008157693693521018,0.0008157693693521018,0.0008157693693521018,0.0008157693693521018
0.955,0.003968769987541002,0.0009454910748420386,0.0009454910748420386,0.0009454910748420386,0.0009454910748420386
0.956,0.004769759963746182,0.0010769275188565197,0.0010769275188565197,0.0010769275188565197,0.0010769275188565197
0.957,0.005581856805245316,0.0012101146035177045,0.0012101146035177045,0.0012101146035177045,0.0012101146035177045
0.958,0.006405301251005392,0.0013450897243315273,0.0013450897243315273,0.0013450897243315273,0.0013450897243315273
0.959,0.007278637893012911,0.0014818918730594688,0.0014818918730594688,0.0014818918730594688,0.0014818918730594688
0.96,0.008517361183574188,0.001867607905051446,0.001867607905051446,0.001867607905051446,0.001867607905051446
0.961,0.009829796543764487,0.0023142275204363527,0.0023142275204363527,0.0023142275204363527,0.0023142275204363527
0.962,0.01117943393918822,0.0027680317255142496,0.0027680317255142496,0.0027680317255142496,0.0027680317255142496
0.963,0.012864193831196982,0.003229201471445302,0.003229201471445302,0.003229201471445302,0.003229201471445302
0.964,0.014717302993902313,0.0036979264013980283,0.0036979264013980283,0.0036979264013980283,0.0036979264013980283
0.965,0.016805274194931556,0.004242239738909899,0.004174405542501449,0.004174405542501449,0.004174405542501449
0.966,0.019255653313611884,0.00489063989423941,0.004658848075359419,0.004658848075359419,0.004658848075359419
0.967,0.021884891699099452,0.005550851847708007,0.005151474192413201,0.005151474192413201,0.005151474192413201
0.968,0.024563248148745463,0.006223229651610282,0.005652516058477568,0.005652516058477568,0.005652516058477568
0.969,0.027292249810000824,0.006908147215762414,0.006162218889258442,0.006162218889258442,0.006162218889258442
0.97,0.030073512358606287,0.007606000134994729,0.006680842166701759,0.006680842166701759,0.006680842166701759
0.971,0.03312645149021115,0.008317207754984677,0.007208661013772168,0.007208661013772168,0.007208661013772168
0.972,0.03664352991200501,0.009042215517047269,0.0077459677559101455,0.0077459677559101455,0.0077459677559101455
0.973,0.040453536777141925,0.009781497631144723,0.008293073702226006,0.008293073702226006,0.008293073702226006
0.974,0.04452469283672112,0.010535560137252964,0.008850311186800347,0.008850311186800347,0.008850311186800347
0.975,0.049145990969343425,0.011304944429015005,0.009418035919734283,0.009418035919734283,0.009418035919734283
0.976,0.05470918549978755,0.012292363845233554,0.009996629709458327,0.009996629709458327,0.009996629709458327
0.977,0.061775309344541444,0.013349354461110997,0.010586503633126436,0.010586503633126436,0.010586503633126436
0.978,0.06998802572026298,0.014430874828106954,0.01118810175189362,0.01118810175189362,0.01118810175189362
0.979,0.08052399356145283,0.01553797818815978,0.011801905494192457,0.011801905494192457,0.011801905494192457
0.98,0.09263113182604235,0.01687053802449456,0.012428438865203333,0.012428438865203333,0.012428438865203333
0.981,0.10744446111534314,0.018661202876395017,0.013068274688061472,0.013068274688061472,0.013068274688061472
0.982,0.12414060337429912,0.02132978765989105,0.013722042147130456,0.013722042147130456,0.013722042147130456
0.983,0.14362482523693093,0.02490135337030516,0.014390435993657587,0.014390435993657587,0.014390435993657587
0.984,0.16568325535320003,0.02962220522441547,0.01507422790118985,0.01507422790118985,0.01507422790118985
0.985,0.19128517691818808,0.036025407289415445,0.01620444927827076,0.015989364959562317,0.015989364959562317
0.986,0.2252699073967041,0.0448461974912831,0.01775688228768043,0.0171242241512234,0.0171242241512234
0.987,0.2621381618901422,0.055850558181666024,0.020088493048177152,0.018832900535919354,0.01872810353055794
0.988,0.30011476492980854,0.07355701435069224,0.023483253580537676,0.021091093347962407,0.020833778410598483
0.989,0.3392820724285223,0.09737176589538998,0.030339077934257795,0.024698271866029353,0.023442615701908247
0.99,0.3797363995748518,0.12856823423377606,0.04218807721594979,0.03039391674791484,0.02788598786249834
0.991,0.42159212853352557,0.1708841402817674,0.06033077559816728,0.04124731214235419,0.036054823240850145
0.992,0.4649876366980876,0.2301149292929682,0.0931708850243806,0.06396328638041748,0.054867318792910555
0.993,0.5100941898467337,0.30128430009676344,0.1441775956613843,0.1039274203223242,0.08928183115439228
0.994,0.5571299384204647,0.3789808185553492,0.21884832314125088,0.17103917875800698,0.15006364588941787
0.995,0.6063833344021314,0.4609731104600713,0.3218391467267553,0.27426350961838813,0.24865681054684796
0.996,0.6582556146949244,0.5480369944931713,0.43464607159569046,0.3925552804358245,0.36988075251157937
0.997,0.7133471095027685,0.6413238241109045,0.55732674286691,0.5219243597934966,0.5029024064435031
0.998,0.7726654741186436,0.7427497049185667,0.6929510553974322,0.6658421804164789,0.6513141067935156
0.999,0.8383078560598873,0.8562668345539577,0.8477730850023515,0.8313495059015829,0.8225729377894392
1.0,0.92,1.0,1.05,1.05,1.05
