,055region1,055region2,055region3
0.95,0.0,0.0,0.0
0.952,0.0,0.0,0.0
0.954,0.000433473039277803,0.0,0.0
0.956,0.0010999382566388104,0.0,0.0
0.958,0.001996518666261856,0.0,0.0
0.96,0.0035271002592553048,0.0,0.0
0.962,0.0052987211714988335,0.0,0.0
0.964,0.007908241662353401,0.0,0.0
0.966,0.010842281030779515,0.0,0.0
0.968,0.01422706083145348,0.0,0.0
0.97,0.018513865242024384,0.0006274295213068071,0.00045827981428713915
0.972,0.02369438815514074,0.0024271055536327023,0.0015493279268037384
0.974,0.029519905850886877,0.004864678088552208,0.00309498343242661
0.976,0.035726929541559024,0.008207923973517592,0.005222927566277449
0.978,0.04221955050354649,0.012590978028550692,0.008541733464422227
0.98,0.04946485671519401,0.018797513517517024,0.013308594725650253
0.982,0.05774323816866005,0.026251056397544638,0.019953025576284977
0.984,0.06753844225024098,0.03661103957878713,0.027431352516773994
0.986,0.07787749051374739,0.04968443079752807,0.038481530104838596
0.988,0.08883058438996862,0.06727321375367686,0.053735800992750035
0.99,0.10048988873902942,0.0898830822760251,0.07316403552833331
0.992,0.1129826637880476,0.12070010794177344,0.10555868533039053
0.994,0.1264978796283752,0.16186106891627206,0.1523566090322576
0.996,0.14135027174684547,0.2090488250538369,0.20891496088679112
0.998,0.1581896529254191,0.26447124778242,0.27629082329722066
1.0,0.18,0.34,0.37
