,055region1
0.95,0.002043459467531718
0.952,0.003673868215641876
0.954,0.005492428434134887
0.956,0.008736452783714477
0.958,0.012695711352323454
0.96,0.01693971595052167
0.962,0.02155646981688766
0.964,0.026319850153589754
0.966,0.03145219752849168
0.968,0.03725939833686631
0.97,0.04415125937920441
0.972,0.052090176778709314
0.974,0.061345020554193
0.976,0.07230886663461468
0.978,0.08498294976604628
0.98,0.09942263581534938
0.982,0.11619836615533868
0.984,0.13558767551967146
0.986,0.15757495180773318
0.988,0.1809936588851137
0.99,0.20585068330695913
0.992,0.23240491954878437
0.994,0.2610409493018344
0.996,0.292399526485916
0.998,0.3278039900702966
1.0,0.37333333333333335
