,055region1,055region2
0.95,0.0,0.0
0.952,0.0,0.0
0.954,0.0,0.0
0.956,0.0,0.0
0.958,0.00011286118619389108,5.643059309694554e-05
0.96,0.0007096189190692836,0.0003548094595346418
0.962,0.0013258371391423208,0.0006629185695711604
0.964,0.0023255304291931456,0.0012681996161218723
0.966,0.004246195324997093,0.001939851429213202
0.968,0.0065628655069701804,0.0027217969267400634
0.97,0.009284926812794188,0.004451993867940643
0.972,0.013246114285510853,0.007628948876977598
0.974,0.018428456750624374,0.01134117264305827
0.976,0.02529399836540721,0.01636730309643593
0.978,0.03339332248339157,0.022140918919907344
0.98,0.04338982990405469,0.029200282056967102
0.982,0.05605273238443992,0.03770826705003197
0.984,0.07287852023890831,0.051456610385244766
0.986,0.09301273349442965,0.07012863271436963
0.988,0.11612870269672931,0.09620714978643655
0.99,0.14153001597342194,0.12700984502884674
0.992,0.16895996110430814,0.16366585590617308
0.994,0.19888112053926285,0.20571688003172775
0.996,0.23205834164002145,0.2527899758253214
0.998,0.27005817022690876,0.3072864266899906
1.0,0.32,0.38
