,055region1,055region2,055region3
0.95,0.0,0.0,0.0
0.952,0.0,0.0,0.0
0.954,0.00010836825981945075,0.0,0.0
0.956,0.00023141664454815524,0.0,0.0
0.958,0.00041510270212719247,0.0,0.0
0.96,0.0009105773245718579,0.0,0.0
0.962,0.0015039768511592177,0.0,0.0
0.964,0.002903233897076446,1.2681438070760164e-05,0.0
0.966,0.004959541599317914,0.0001590373448429494,0.0
0.968,0.00797572012551989,0.00031292894006979097,0.0
0.97,0.011539849968622477,0.00047495090817303577,8.457485350983451e-05
0.972,0.015612894413482537,0.0008317193480734364,0.0005576395977868587
0.974,0.020411710092263294,0.001594640436464939,0.0013349385537869479
0.976,0.025477574340598483,0.0025567713885175218,0.0025694104719470416
0.978,0.031574481870599705,0.004526554195011918,0.00497712085393066
0.98,0.03974428662315592,0.0076458549707195764,0.008185975273538006
0.982,0.04967747245355286,0.012091495335664592,0.012170789624401792
0.984,0.06181724497493305,0.018382953001041865,0.01799740812424514
0.986,0.07490591819324073,0.027553469062200832,0.028266545482046882
0.988,0.08929901159248349,0.04358155058316131,0.04500314716304125
0.99,0.10464797895051868,0.06948295705572766,0.07080259346166663
0.992,0.12112483060446094,0.10469560137678709,0.11042333051752902
0.994,0.1389843526017799,0.14818480809306733,0.1633635278453187
0.996,0.1586497827725092,0.19793260751524083,0.2278931139233739
0.998,0.18099251372467917,0.25615117986130687,0.3043926947484692
1.0,0.21,0.335,0.41
