,075region1,075region2,075region3,055region4
0.95,0.0006267182118101778,0.0,0.0,0.0
0.952,0.0011226669518573783,0.0,0.0,0.0
0.954,0.001848275258343105,0.0,0.0,0.0
0.956,0.0038325781946280725,9.072886160002014e-06,0.0,0.0
0.958,0.006291844329083415,0.000262882425872093,0.0,0.0
0.96,0.009316577501288108,0.0005263524741876369,0.0,0.0
0.962,0.012843008628231633,0.000800047078227406,0.0,0.0
0.964,0.017925576691105064,0.0012725217854812133,0.0,0.0
0.966,0.02432673511071565,0.0019069133117371184,0.0,0.0
0.968,0.031801995424141936,0.00256689513903792,0.0,0.0
0.97,0.0399207598245807,0.0039580823114901045,0.0,0.0
0.972,0.04835543428676717,0.00577707434802145,0.0004131374077629779,0.0004131374077629779
0.974,0.05771449113250981,0.008321915768040948,0.0012507095750113161,0.0012507095750113161
0.976,0.0689429195173961,0.01123029754206455,0.0022037051603456224,0.002301281089778616
0.978,0.08748226742681119,0.014301609578707172,0.0036127855127703135,0.003677585444042245
0.98,0.11462255313105504,0.018989565389467215,0.005872145193964997,0.00590507987155805
0.982,0.14553294065003092,0.02494353955697821,0.008771103401166798,0.008773538742640936
0.984,0.17937248659820385,0.03300204064288801,0.012677694703470466,0.012636735451985546
0.986,0.2256242037789098,0.043895549804610925,0.019089021293365437,0.01799950862210966
0.988,0.27438379252910083,0.06582836060482956,0.03236002488680327,0.027942460479825994
0.99,0.32602077619923064,0.11029804525142534,0.05426044780297236,0.04534181223082917
0.992,0.38104553939952784,0.20319392687682722,0.09404685366406962,0.07565029454137369
0.994,0.440216218052781,0.34493415646706166,0.19093505624186222,0.1577595486686746
0.996,0.5047960084146886,0.5212915530496818,0.39838725114694384,0.3678757438814452
0.998,0.577394131114271,0.7260854488762847,0.6630389959272633,0.6444547114625301
1.0,0.67,1.0,1.03,1.03
