,075region1
0.95,0.0021442116513764966
0.952,0.003771345190345439
0.954,0.005586571289102729
0.956,0.008469236349028247
0.958,0.011706868417409616
0.96,0.01557900228423455
0.962,0.020215926233929593
0.964,0.02512729107700938
0.966,0.030470986394780752
0.968,0.036075994454435406
0.97,0.04319404539692149
0.972,0.05150871402874058
0.974,0.060472152246027755
0.976,0.07131174915409107
0.978,0.08712059189633646
0.98,0.10771053326938429
0.982,0.13413865299993843
0.984,0.16841016795850441
0.986,0.21717369813043297
0.988,0.2751176220925688
0.99,0.3367073272437584
0.992,0.4025942353335083
0.994,0.4737429085676188
0.996,0.551754995201862
0.998,0.6399266677484728
1.0,0.7533333333333333
