,055region1,055region2,055region3,055region4,055region5
0.95,0.04080485022168315,0.009717993095861948,0.008489036780712379,0.008489036780712379,0.008489036780712379
0.952,0.04694784810020214,0.011554811078324305,0.009614227123559345,0.009614227123559345,0.009614227123559345
0.954,0.053230583641338806,0.014086347709651297,0.01098095498365778,0.01098095498365778,0.01098095498365778
0.956,0.05988962824819665,0.017216361788268398,0.012577088022812885,0.012577088022812885,0.012577088022812885
0.958,0.06680681515884686,0.020815295512239495,0.014421748617410498,0.014421748617410498,0.014421748617410498
0.96,0.07413235366411829,0.025766658022554158,0.01732715982647864,0.017196340012324535,0.017196340012324535
0.962,0.08164156119279901,0.031534576492885505,0.020961581853778298,0.02058550746083852,0.020558246855163276
0.964,0.08934318773622872,0.03786689779602444,0.02494812036690078,0.024428904531617408,0.024260581313075492
0.966,0.0972468797021579,0.04459572481406535,0.029248556143960523,0.028559477227124378,0.028243446467871944
0.968,0.10616766349794608,0.052239414621303194,0.03466970667829671,0.03350062338675284,0.03302975929402674
0.97,0.1171822274854542,0.0609436777580757,0.041080572034232724,0.03934437744946388,0.038711018870951436
0.972,0.1294106863959534,0.070284780512758,0.04849171563452179,0.04587519433313374,0.045028289087255306
0.974,0.1428229740953349,0.08156531344200141,0.05788845713361249,0.05400675465352623,0.05292906295632279
0.976,0.1575006270181633,0.09562400858779302,0.06898185596629097,0.06349015475602734,0.06211510856744359
0.978,0.172659336521213,0.11165170468704211,0.08158757616963154,0.07431514773871135,0.0723915674147009
0.98,0.18882519711287468,0.12940471041880636,0.09588130056273551,0.08686714006008424,0.08441837367001569
0.982,0.2065626513683395,0.1491535183723311,0.11279952319299141,0.10165239242024877,0.09856037594162109
0.984,0.22498054901023004,0.17147554432793796,0.13241234932425042,0.11803565331911664,0.11496641482907263
0.986,0.2441542531083613,0.19870244595802433,0.15626645807139014,0.13698918079891398,0.1334559107357005
0.988,0.2641798719682818,0.2323915297175992,0.18646140532350242,0.1615052354593549,0.15772708094047594
0.99,0.2851846458520209,0.26981146505676856,0.22341928059965072,0.19598196366661008,0.19096519121214178
0.992,0.30734579942915075,0.3125105051513414,0.2739734626367249,0.2472152242057793,0.24104117676770037
0.994,0.3309288593899086,0.36054151910060867,0.3368376644915995,0.31588753338643993,0.30964909904135524
0.996,0.3563801432376168,0.4132734927766509,0.4093810114388296,0.400448808659753,0.3967669765402119
0.998,0.3846298945825675,0.4729735590683923,0.49328020594986904,0.5000899612794093,0.49976821314675346
1.0,0.42,0.55,0.605,0.635,0.64
