,055region1,055region2,055region3,055region4
0.95,0.0012534364236203555,0.0,0.0,0.0
0.952,0.0022453339037147566,0.0,0.0,0.0
0.954,0.003263077477408407,0.00021673651963890372,0.0,0.0
0.956,0.005924884684546439,0.00047190617525630916,0.0,0.0
0.958,0.008967657135203609,0.0009802266439325892,0.0,0.0
0.96,0.012282816730227429,0.001507068390107973,0.0,0.0
0.962,0.015805770341180962,0.0020619308976583175,0.0,0.0
0.964,0.01962562559168723,0.0031277478078172204,0.00018793814868350855,0.00018793814868350855
0.966,0.024021044056366597,0.004378582818258763,0.0005262721944702275,0.0005262721944702275
0.968,0.028997467596398395,0.005763897128755242,0.0008779250009330087,0.0008779250009330087
0.97,0.034508389027498164,0.008594373983254551,0.0015471764676520262,0.0015471764676520262
0.972,0.04021890744795256,0.01163599191904146,0.0026603822324777595,0.0026603822324777595
0.974,0.04614218267045536,0.015333451565368169,0.004249355153097684,0.004249355153097684
0.976,0.05278377140311922,0.0204115156155128,0.00699371474198463,0.006858174211473599
0.978,0.060638981034399145,0.02693265113468414,0.010879594250499827,0.011282778226578217
0.98,0.06914664074683033,0.03504550323895776,0.015935787321243216,0.017445861145085798
0.982,0.0780244952672201,0.04647496903257836,0.022497073182158052,0.0255914845830659
0.984,0.08764352695573945,0.06269329454075519,0.030290185934303864,0.03487043461766011
0.986,0.1002017380194632,0.08219173463725875,0.04136019927965158,0.04740160974568683
0.988,0.1134192385313161,0.10582274473857332,0.05928915310125839,0.06390642544248695
0.99,0.12739371996806415,0.13809491864057957,0.08820280392385146,0.08890172953738944
0.992,0.14226048626070673,0.17959697412169173,0.13227761332804774,0.1300993207746544
0.994,0.15822109847443266,0.22649795840579465,0.19483064587088358,0.19035671785876018
0.996,0.17561239456804834,0.27891296001023297,0.2700171777893272,0.26577881333823533
0.998,0.195132289699023,0.3394719800350415,0.35865582069873825,0.3559459401136813
1.0,0.22,0.42,0.48,0.48
