,075region1,075region2,075region3
0.95,0.001096756870667811,0.0006267182118101778,0.0006267182118101778
0.952,0.0019646671657504123,0.0011226669518573783,0.0011226669518573783
0.954,0.0030719293123712584,0.0016315387387042036,0.0016315387387042036
0.956,0.004844560982083491,0.002269367509793065,0.002269367509793065
0.958,0.00699875979733682,0.0029464150370828762,0.0029464150370828762
0.96,0.009472741328063007,0.003704135209712019,0.003704135209712019
0.962,0.012377907635610223,0.004574201230642444,0.004574201230642444
0.964,0.016936529971052532,0.006187758009068151,0.006187758009068151
0.966,0.02224877739347478,0.007988712561921534,0.007967808647262946
0.968,0.028586612740649178,0.01011175697696172,0.009809028750286577
0.97,0.0354698492299333,0.012381748610901515,0.01171497349613363
0.972,0.0434837596979539,0.015064011246116948,0.013689623404441157
0.974,0.05244451014899266,0.01830791145207209,0.015991951543865107
0.976,0.06337730117526019,0.022005987510929234,0.018837795756593823
0.978,0.07894875843502094,0.02718781319383582,0.022766034936908902
0.98,0.10091618342346897,0.03388541875383558,0.02864805413798315
0.982,0.13043069778955008,0.04245949905151551,0.03616192023448922
0.984,0.16871156891593286,0.0548829852176919,0.04567611274322188
0.986,0.2191275098833263,0.07546465099887727,0.06001034867366551
0.988,0.27868869713572453,0.11122120637021006,0.09090645631839747
0.99,0.3425158421714361,0.17242265883593683,0.14867774438901615
0.992,0.41082773270983475,0.2704292104664795,0.24539130048981853
0.994,0.48462968059343714,0.39648545674611346,0.3779242562608034
0.996,0.5655907620176758,0.5378447758042949,0.5287855387497695
0.998,0.6571454913344134,0.7004547059360317,0.7031894764034955
1.0,0.775,0.915,0.935
