,055region1,055region2,055region3
0.95,0.039501263041672466,0.01034703080107562,0.009788714447018754
0.951,0.04206992285115238,0.011373291625671017,0.010585752721627262
0.952,0.04466647498298078,0.012412033484873596,0.011391898968840292
0.953,0.04729144527255581,0.013463507440429765,0.012304041993158061
0.954,0.049945380018511766,0.014527974196302307,0.013248959539194596
0.955,0.052722250125435514,0.01591286069047004,0.014472570817199043
0.956,0.0555734632402526,0.017681845727111158,0.01599367149234464
0.957,0.058457468207434686,0.019475111773594865,0.01765191837047925
0.958,0.06148781413594122,0.021406066710842553,0.01944632260546399
0.959,0.06473550022935427,0.02354556174896472,0.021486003895536444
0.96,0.06802288525725865,0.025839323462099925,0.02378484901766223
0.961,0.07135086737467754,0.02819406047061168,0.026145643888914886
0.962,0.07472038709777243,0.03063818116595164,0.028596837836681165
0.963,0.07813243056139632,0.03332326099381672,0.031169761523968855
0.964,0.08158803312478018,0.036094582917555795,0.0337836482565421
0.965,0.0850882833733998,0.0389098897419589,0.03643961723601183
0.966,0.08863432757327092,0.04186038330821982,0.03922883592305692
0.967,0.09222737464381456,0.045195121050676745,0.04233003400946924
0.968,0.09664251278872552,0.04894383749726115,0.04548448558856808
0.969,0.10143643105325678,0.05293589873088899,0.04880111829036535
0.97,0.10629724175301156,0.05708871580859416,0.05226316366337226
0.971,0.11143639444007505,0.061738517295330295,0.056206276015172314
0.972,0.11667633432415749,0.06689385965077331,0.06063975009850072
0.973,0.12202252472046105,0.07218290041575283,0.0653804090810992
0.974,0.12768378981285147,0.0778157272403741,0.07021713312449528
0.975,0.13343203890896613,0.08381181026884316,0.07538388070768454
0.976,0.13927035423682993,0.09023447679415846,0.08104983567042737
0.977,0.1452020597496066,0.09757222620975238,0.08778374022797344
0.978,0.15123075210167977,0.10625098018267144,0.09566688890676293
0.979,0.15736033721648332,0.11548392218882217,0.10384457262611663
0.98,0.16408252030663334,0.12534998066476602,0.11255094313156738
0.981,0.1711667177716618,0.13592655780020568,0.12170345856874648
0.982,0.17837994626718662,0.147399339812384,0.13176460672737147
0.983,0.18572855402513652,0.1606628293924074,0.1437055742114435
0.984,0.19321960296192173,0.1749252600020929,0.1568791241125771
0.985,0.20086100092458956,0.18976370023120226,0.17190840355103695
0.986,0.20866166908346226,0.20501001556921838,0.18829441289400128
0.987,0.21663175702905316,0.22069060117307093,0.20580968059823218
0.988,0.2247829239448986,0.2372228422250972,0.2248218707397712
0.989,0.23312871345185404,0.25510042358461843,0.24504293484280368
0.99,0.2416850648532901,0.2735597533888738,0.26692304588091914
0.991,0.25047102932914617,0.2930327412478363,0.29067488446396084
0.992,0.25950980574363264,0.31366480693374554,0.3162267786101501
0.993,0.2688302977584365,0.3351054688526328,0.3430086649801079
0.994,0.2784695695667582,0.3574589551473298,0.3710080317630526
0.995,0.28847696304378795,0.38086321918632043,0.40040850827795005
0.996,0.2989215825986469,0.40551034336410774,0.4314651046420531
0.997,0.30990753277146377,0.43168800251108075,0.4645587049090345
0.998,0.32161075865108224,0.4598795287877205,0.5003274589472053
0.999,0.3344000030069795,0.4910918222977665,0.540096949224544
1.0,0.35,0.53,0.59
