,055region1,055region2,055region3
0.95,0.039814340826696465,0.005005637255861597,0.004655435358773477
0.952,0.04572632868140247,0.0065241636790826125,0.0056961420809898185
0.954,0.051772178777812,0.008407567129886176,0.007196356842892625
0.956,0.058072705142155644,0.010956052039248243,0.009076737638026048
0.958,0.06454334722315765,0.013924604122336459,0.011306686261273015
0.96,0.07116942789348635,0.017742422623937326,0.01393540531684768
0.962,0.0779579657915285,0.02198193619550518,0.016699594025573035
0.964,0.08491666070260459,0.026975986279816375,0.01993257889375378
0.966,0.09205400436372123,0.03252922504597202,0.023689953009190415
0.968,0.10038482858992422,0.03891648329190479,0.028254997303672348
0.97,0.11125058742856986,0.04658301847551588,0.03417288505092884
0.972,0.12354647382564594,0.05503749850160478,0.041156562487242906
0.974,0.1367447856074344,0.06493853651077257,0.04981446913125647
0.976,0.15095824642114541,0.07671251646186199,0.06028926048839536
0.978,0.16563202413857658,0.09184239715244949,0.07239841117342045
0.98,0.1810467607327032,0.11064657705733136,0.08761016126767109
0.982,0.19750560685875926,0.13288262519199381,0.10671736950415975
0.984,0.21458835115741548,0.15921249721105063,0.13096937400059908
0.986,0.2323641242886426,0.19062150033995084,0.1616002103506885
0.988,0.2509211149261762,0.227533865108656,0.19884359771708904
0.99,0.2703761161125799,0.2687391842917006,0.24339568606100254
0.992,0.2908918539711634,0.3132003067272258,0.2945348523911457
0.994,0.312712211509731,0.36216876071190157,0.35253002337598277
0.996,0.33624725756381024,0.4159302376781912,0.41673464995088755
0.998,0.3623519590490601,0.47672026967136655,0.48985267134938865
1.0,0.395,0.555,0.585
